%YAML:1.0
---
images:
   - "2019-03-26-173930.jpg"
   - "2019-03-26-173936.jpg"
   - "2019-03-26-173942.jpg"
   - "2019-03-26-173945.jpg"
   - "2019-03-26-173951.jpg"
   - "2019-03-26-173955.jpg"
   - "2019-03-26-174007.jpg"
   - "2019-03-26-174008.jpg"
   - "2019-03-26-174016.jpg"
   - "2019-03-26-174020.jpg"
   - "2019-03-26-174023.jpg"
   - "2019-03-26-174026.jpg"
   - "2019-03-26-174032.jpg"
   - "2019-03-26-174034.jpg"
   - "2019-03-26-174041.jpg"
   - "2019-03-26-174043.jpg"
   - "2019-03-26-174056.jpg"
   - "2019-03-26-174059.jpg"
   - "2019-03-26-174107.jpg"
   - "2019-03-26-174110.jpg"
   - "2019-03-26-174115.jpg"
   - "2019-03-26-174116.jpg"
   - "2019-03-26-174122.jpg"
   - "2019-03-26-174124.jpg"
   - "2019-03-26-174135.jpg"
   - "2019-03-26-174139.jpg"
   - "2019-03-26-174143.jpg"
   - "2019-03-26-174147.jpg"
   - "2019-03-29-151600.jpg"
   - "2019-03-29-151604.jpg"
   - "2019-03-29-151607.jpg"
   - "2019-03-29-151609.jpg"
   - "2019-03-29-151615.jpg"
   - "2019-03-29-151618.jpg"
   - "2019-03-29-151625.jpg"
   - "2019-03-29-151635.jpg"
   - "2019-03-29-151641.jpg"
   - "2019-03-29-151643.jpg"
   - "2019-03-29-151647.jpg"
   - "2019-03-29-151651.jpg"
   - "2019-03-29-151717.jpg"
   - "2019-03-29-151720.jpg"
   - "2019-03-29-151726.jpg"
   - "2019-03-29-151730.jpg"
   - "2019-03-29-151733.jpg"
   - "2019-03-29-151739.jpg"
   - "2019-03-29-151743.jpg"
   - "2019-03-29-151748.jpg"
   - "2019-03-29-151752.jpg"
   - "2019-03-29-151756.jpg"
   - "2019-03-29-151806.jpg"
   - "2019-03-29-151810.jpg"
   - "2019-03-29-151814.jpg"
   - "2019-03-29-151824.jpg"
   - "2019-03-29-164018.jpg"
   - "2019-03-29-164023.jpg"
   - "2019-03-29-164031.jpg"
   - "2019-03-29-164044.jpg"
   - "2019-03-29-164050.jpg"
   - "2019-03-29-164055.jpg"
   - "2019-03-29-164101.jpg"
   - "2019-03-29-164108.jpg"
   - "2019-03-29-164115.jpg"
   - "2019-03-29-164121.jpg"
   - "2019-03-29-164125.jpg"
   - "2019-03-29-164130.jpg"
   - "2019-03-29-164135.jpg"
   - "2019-03-29-164143.jpg"
   - "2019-03-29-164147.jpg"
   - "2019-03-29-164150.jpg"
   - "2019-03-29-164154.jpg"
   - "2019-03-29-164201.jpg"
   - "2019-03-29-164204.jpg"
   - "2019-03-29-164208.jpg"
   - "2019-03-29-164210.jpg"
